10 10 3
100 100 100 100 100 100 100 100 100 100 100 100 100 100 100 100 100 100 100 100 100 100 100 100 100 100 100 100 100 100 
100 100 100 100 100 100 100 100 100 100 100 100 100 100 100 100 100 100 100 100 100 100 100 100 100 100 100 100 100 100 
100 100 100 100 100 100 100 100 100 100 100 100 100 100 100 100 100 100 100 100 100 100 100 100 100 100 100 100 100 100 
100 100 100 100 100 100 100 100 100 255 0 0 255 0 0 255 0 0 255 0 0 100 100 100 100 100 100 100 100 100 
100 100 100 100 100 100 100 100 100 255 0 0 255 0 0 255 0 0 255 0 0 100 100 100 100 100 100 100 100 100 
100 100 100 100 100 100 100 100 100 255 0 0 255 0 0 255 0 0 255 0 0 100 100 100 100 100 100 100 100 100 
100 100 100 100 100 100 100 100 100 255 0 0 255 0 0 255 0 0 255 0 0 100 100 100 100 100 100 100 100 100 
100 100 100 100 100 100 100 100 100 100 100 100 100 100 100 100 100 100 100 100 100 100 100 100 100 100 100 100 100 100 
100 100 100 100 100 100 100 100 100 100 100 100 100 100 100 100 100 100 100 100 100 100 100 100 100 100 100 100 100 100 
100 100 100 100 100 100 100 100 100 100 100 100 100 100 100 100 100 100 100 100 100 100 100 100 100 100 100 100 100 100 
